1 0.902000 0.445500 0.116000 0.805000
1 0.097000 0.341000 0.114000 0.430000
1 0.381500 0.077500 0.459000 0.081000
1 0.670500 0.388000 0.111000 0.282000
1 0.672000 0.722000 0.112000 0.278000
1 0.550500 0.791000 0.103000 0.166000
1 0.577000 0.209000 0.050000 0.268000
1 0.326000 0.592500 0.112000 0.115000
1 0.669500 0.133500 0.111000 0.115000
1 0.470000 0.623000 0.056000 0.224000
1 0.757000 0.767000 0.052000 0.228000
1 0.813000 0.269500 0.058000 0.189000
1 0.413500 0.846000 0.055000 0.192000
1 0.326000 0.389000 0.112000 0.094000
1 0.413500 0.468000 0.055000 0.188000
3 0.904500 0.898000 0.109000 0.088000
1 0.755500 0.274500 0.053000 0.175000
3 0.094500 0.074500 0.109000 0.085000
1 0.327500 0.817500 0.111000 0.083000
1 0.784500 0.079500 0.117000 0.077000
1 0.413500 0.656000 0.055000 0.158000
1 0.755500 0.111000 0.053000 0.152000
1 0.813000 0.104000 0.058000 0.136000
1 0.469500 0.290500 0.055000 0.141000
1 0.756000 0.575500 0.052000 0.149000
1 0.326000 0.485500 0.112000 0.069000
1 0.327500 0.713000 0.111000 0.068000
1 0.098500 0.921500 0.111000 0.067000
1 0.670000 0.085500 0.112000 0.065000
1 0.327500 0.904500 0.111000 0.063000
1 0.098500 0.747000 0.111000 0.062000
1 0.098500 0.681500 0.111000 0.061000
1 0.469500 0.436500 0.055000 0.119000
1 0.901500 0.088000 0.109000 0.060000
1 0.326000 0.298000 0.112000 0.058000
1 0.469500 0.112000 0.055000 0.118000
1 0.326000 0.226500 0.112000 0.057000
1 0.181500 0.502500 0.053000 0.113000
0 0.183000 0.710500 0.050000 0.117000
1 0.181500 0.291500 0.053000 0.107000
1 0.524000 0.148500 0.050000 0.113000
1 0.470000 0.802000 0.056000 0.100000
1 0.413500 0.125500 0.055000 0.093000
1 0.413500 0.234500 0.055000 0.093000
1 0.813500 0.438500 0.057000 0.089000
1 0.098500 0.862500 0.111000 0.045000
1 0.470000 0.898500 0.056000 0.087000
1 0.181500 0.944000 0.053000 0.090000
1 0.814000 0.611000 0.058000 0.082000
1 0.814000 0.527000 0.058000 0.078000
1 0.552000 0.588500 0.100000 0.043000
1 0.181500 0.842000 0.053000 0.080000
1 0.181500 0.103000 0.053000 0.080000
1 0.814500 0.689500 0.057000 0.071000
1 0.550500 0.453500 0.103000 0.039000
1 0.181500 0.613000 0.053000 0.074000
1 0.326000 0.078500 0.112000 0.033000
1 0.181500 0.395000 0.053000 0.068000
1 0.413500 0.327500 0.055000 0.065000
1 0.550500 0.548000 0.103000 0.034000
1 0.550500 0.922000 0.103000 0.034000
1 0.098500 0.796500 0.111000 0.031000
1 0.524000 0.262500 0.050000 0.067000
1 0.550500 0.652000 0.103000 0.032000
1 0.181500 0.191000 0.053000 0.062000
2 0.329500 0.110500 0.105000 0.031000
5 0.501000 0.038000 0.232000 0.014000
1 0.326000 0.140500 0.112000 0.029000
1 0.815000 0.815500 0.058000 0.055000
1 0.758000 0.968500 0.050000 0.063000
1 0.814500 0.756500 0.057000 0.055000
1 0.673000 0.921500 0.112000 0.027000
1 0.756000 0.474000 0.052000 0.054000
1 0.098500 0.605500 0.111000 0.025000
1 0.098500 0.635500 0.111000 0.025000
1 0.800000 0.934000 0.028000 0.094000
2 0.673000 0.224500 0.102000 0.025000
2 0.319500 0.951000 0.083000 0.030000
2 0.554500 0.078000 0.095000 0.026000
2 0.552500 0.692500 0.089000 0.027000
1 0.470500 0.978500 0.055000 0.043000
1 0.098500 0.824500 0.111000 0.021000
1 0.414000 0.978500 0.054000 0.043000
2 0.318000 0.664500 0.080000 0.029000
1 0.758000 0.910000 0.050000 0.046000
2 0.316000 0.762000 0.076000 0.030000
1 0.756000 0.413000 0.052000 0.042000
2 0.097500 0.580000 0.093000 0.022000
5 0.465500 0.038000 0.079000 0.024000
2 0.670000 0.564500 0.094000 0.019000
1 0.326000 0.176000 0.112000 0.014000
2 0.329000 0.054500 0.104000 0.015000
5 0.500000 0.029000 0.252000 0.006000
2 0.552000 0.424500 0.100000 0.015000
3 0.471500 0.188500 0.051000 0.029000
2 0.669000 0.055500 0.054000 0.027000
1 0.524000 0.329500 0.050000 0.029000
2 0.552000 0.626000 0.090000 0.016000
1 0.829500 0.910500 0.029000 0.047000
1 0.577000 0.384000 0.050000 0.026000
2 0.187000 0.786500 0.042000 0.029000
1 0.502500 0.413000 0.007000 0.170000
2 0.312500 0.443000 0.071000 0.016000
1 0.550500 0.407000 0.081000 0.014000
2 0.417000 0.067000 0.046000 0.024000
1 0.503000 0.843000 0.006000 0.180000
5 0.549500 0.042500 0.083000 0.013000
1 0.328000 0.119500 0.112000 0.009000
2 0.552000 0.896500 0.076000 0.013000
1 0.502500 0.243500 0.007000 0.139000
2 0.310000 0.527500 0.064000 0.015000
2 0.307000 0.161500 0.058000 0.015000
2 0.306500 0.866500 0.057000 0.015000
2 0.549500 0.524000 0.053000 0.016000
1 0.502500 0.112000 0.007000 0.118000
2 0.413500 0.288500 0.055000 0.015000
1 0.550000 0.485500 0.062000 0.013000
2 0.549500 0.502500 0.053000 0.015000
2 0.674000 0.896000 0.066000 0.012000
2 0.547000 0.306500 0.060000 0.013000
2 0.472000 0.743500 0.052000 0.015000
1 0.502500 0.567500 0.007000 0.109000
2 0.542500 0.221000 0.053000 0.014000
2 0.756000 0.385000 0.046000 0.016000
1 0.328000 0.134000 0.112000 0.006000
2 0.472500 0.950500 0.051000 0.013000
2 0.471500 0.212500 0.051000 0.013000
2 0.185000 0.891000 0.046000 0.014000
2 0.418500 0.743000 0.045000 0.014000
2 0.184000 0.567500 0.048000 0.013000
2 0.471500 0.371000 0.051000 0.012000
2 0.415000 0.368000 0.050000 0.012000
1 0.503000 0.686500 0.006000 0.099000
2 0.417500 0.570000 0.047000 0.012000
2 0.419500 0.180500 0.043000 0.013000
2 0.295500 0.334500 0.037000 0.015000
1 0.328500 0.145500 0.111000 0.005000
2 0.189500 0.437500 0.037000 0.015000
2 0.472000 0.504500 0.050000 0.011000
2 0.188500 0.152000 0.039000 0.014000
2 0.188500 0.055000 0.039000 0.014000
2 0.577500 0.364500 0.049000 0.011000
2 0.294500 0.262500 0.035000 0.015000
2 0.421500 0.948500 0.039000 0.013000
2 0.190000 0.230000 0.036000 0.014000
2 0.293500 0.190500 0.033000 0.015000
2 0.191000 0.353000 0.034000 0.014000
2 0.898500 0.049000 0.075000 0.006000
2 0.786500 0.039000 0.111000 0.004000
1 0.181500 0.125500 0.053000 0.007000
2 0.189000 0.995500 0.038000 0.009000
1 0.328000 0.126500 0.112000 0.003000
1 0.328500 0.140500 0.111000 0.003000
5 0.380500 0.025500 0.013000 0.025000
1 0.181500 0.117000 0.053000 0.006000
2 0.331000 0.129500 0.106000 0.003000
2 0.331000 0.113500 0.106000 0.003000
1 0.503000 0.974000 0.006000 0.052000
2 0.668000 0.045500 0.052000 0.005000
5 0.613000 0.032500 0.022000 0.011000
2 0.183000 0.112500 0.050000 0.003000
2 0.314500 0.138000 0.073000 0.002000
2 0.185000 0.121000 0.046000 0.002000
2 0.502500 0.505000 0.007000 0.012000
2 0.502500 0.321000 0.007000 0.012000
2 0.503000 0.941000 0.006000 0.012000
2 0.314000 0.142500 0.072000 0.001000
2 0.503000 0.745000 0.006000 0.012000
2 0.503000 0.629500 0.006000 0.011000
2 0.292500 0.124500 0.029000 0.001000
1 0.181500 0.555500 0.053000 -0.889000
1 0.328000 0.538500 0.112000 -0.853000
