1 0.550500 0.568500 0.105000 0.275000
1 0.075000 0.409500 0.070000 0.339000
1 0.551500 0.934500 0.103000 0.089000
1 0.550500 0.262500 0.105000 0.071000
3 0.074500 0.113500 0.069000 0.091000
2 0.075500 0.630500 0.067000 0.089000
3 0.076500 0.939500 0.065000 0.083000
1 0.058500 0.752000 0.033000 0.142000
1 0.093500 0.752000 0.033000 0.142000
1 0.551500 0.755000 0.103000 0.044000
2 0.554000 0.865000 0.098000 0.046000
1 0.551500 0.822000 0.103000 0.034000
1 0.074500 0.192000 0.069000 0.050000
2 0.075000 0.214000 0.070000 0.038000
1 0.550500 0.388500 0.105000 0.025000
1 0.550500 0.335500 0.105000 0.025000
2 0.546000 0.416000 0.094000 0.026000
2 0.563500 0.791000 0.077000 0.022000
2 0.556000 0.719000 0.076000 0.022000
1 0.093000 0.869000 0.032000 0.046000
1 0.059500 0.869000 0.031000 0.046000
2 0.555500 0.990500 0.071000 0.019000
2 0.075000 0.049500 0.066000 0.015000
2 0.556500 0.361000 0.039000 0.022000
2 0.554000 0.310000 0.036000 0.022000
2 0.083000 0.834500 0.022000 0.011000
1 0.551500 1.000000 0.103000 0.000000
